[0,0,48,128,175,191,191,175,128,48,0,0,0,48,159,239,223,191,191,223,239,159,48,0,48,159,224,175,96,64,64,96,175,224,159,48,128,239,175,48,0,0,0,0,48,175,239,128,175,223,96,0,0,0,0,0,0,96,223,175,191,191,64,0,0,0,0,0,0,64,191,191,191,191,64,0,0,0,0,0,0,64,191,191,175,223,96,0,0,0,0,0,0,96,223,175,128,239,175,48,0,0,0,0,48,175,239,128,48,159,224,175,96,64,64,96,175,224,159,48,0,48,159,239,223,191,191,223,239,159,48,0,0,0,48,128,175,191,191,175,128,48,0,0]